# see https://github.com/ioi-2017/tps/blob/master/docs/README.md#gendata
# TODO
@subtask samples
manual example-1.in

@subtask sstpn
gen	100 0 1000 1
gen	100 0 1000 2
gen	100 0 1000 3
gen	100 0 1000 4
gen	100 0 1000 5

@subtask sstn
gen	100 1 1000 1
gen	100 1 1000 2
gen	100 1 1000 3
gen	100 1 1000 4
gen	100 1 1000 5

@subtask stn
gen	1000 1 100000000 1
gen	1000 1 100000000 2
gen	1000 1 100000000 3
gen	1000 1 100000000 4
gen	1000 1 100000000 5
gen	1000 1 100000000 6
gen	1000 1 100000000 7
gen	1000 1 100000000 8
gen	1000 1 100000000 9
gen	1000 1 100000000 10

@subtask tn
gen	100000 1 1000000000000000000 1
gen	100000 1 1000000000000000000 2
gen	100000 1 1000000000000000000 3
gen	100000 1 1000000000000000000 4
gen	100000 1 1000000000000000000 5
gen	100000 1 1000000000000000000 6
gen	100000 1 1000000000000000000 7
gen	100000 1 1000000000000000000 8
gen	100000 1 1000000000000000000 9
gen	100000 1 1000000000000000000 10
gen	100000 1 1000000000000000000 11
gen	100000 1 1000000000000000000 12
gen	100000 1 1000000000000000000 13
gen	100000 1 1000000000000000000 14
gen	100000 1 1000000000000000000 15
gen	100000 1 1000000000000000000 16
gen	100000 1 1000000000000000000 17
gen	100000 1 1000000000000000000 18
gen	100000 1 1000000000000000000 19
gen	100000 1 1000000000000000000 20