# see https://github.com/ioi-2017/tps/blob/master/docs/README.md#gendata

@subtask samples
manual example-1.in
manual example-2.in

@subtask stnm
gen 100 200000 200000 200000 1
gen 100 200000 200000 200000 2
gen 100 200000 200000 200000 3
gen 100 200000 200000 200000 4
gen 100 200000 200000 200000 5
gen 100 200000 200000 200000 6
gen 100 200000 200000 200000 7
gen 100 200000 200000 200000 8
gen 100 200000 200000 200000 9
gen 100 200000 200000 200000 10


@subtask full
gen 20000 1000000 1000000 1000000000000 1
gen 20000 1000000 1000000 1000000000000 2
gen 20000 1000000 1000000 1000000000000 3
gen 20000 1000000 1000000 1000000000000 4
gen 20000 1000000 1000000 1000000000000 5
gen 20000 1000000 1000000 1000000000000 6
gen 20000 1000000 1000000 1000000000000 7
gen 20000 1000000 1000000 1000000000000 8
gen 20000 1000000 1000000 1000000000000 9
gen 20000 1000000 1000000 1000000000000 10
gen 20000 1000000 1000000 1000000000000 11
gen 20000 1000000 1000000 1000000000000 12
gen 20000 1000000 1000000 1000000000000 13
gen 20000 1000000 1000000 1000000000000 14
gen 20000 1000000 1000000 1000000000000 15
gen 20000 1000000 1000000 1000000000000 16
gen 20000 1000000 1000000 1000000000000 17
gen 20000 1000000 1000000 1000000000000 18
gen 20000 1000000 1000000 1000000000000 19
gen 20000 1000000 1000000 1000000000000 20

